nFactories: 2
nDists: 4
nCustomers: 6

CostFD: [
    0.50	0.50	1.00	0.20
	-1      0.30	0.50	0.20
]

CostFC: [
    1.00	-1      1.50	2.00	-1      1.00
    2.00	-1      -1      -1    	-1      -1
]

CostDC: [
    -1      1.50	0.50	1.50	-1      1.00
    1.00	0.50	0.50	1.00	0.50	-1    
    -1      1.50	2.00	-1      0.50	1.50
	-1      -1      0.20	1.50	0.50	1.50
]

ProductionCapacity: [
	150000
	200000
]

MaxThroughput: [
    70000
    50000
    100000
    40000
]

Demand: [
    50000
    10000
    40000
    35000
    60000
    20000
]
