nFactories: 2
nDists: 4
nCustomers: 6
nScenarios: 5

CostFD: [
    0.50	0.50	1.00	0.20
	-1      0.30	0.50	0.20
]

CostFC: [
    1.00	-1      1.50	2.00	-1      1.00
    2.00	-1      -1      -1    	-1      -1
]

CostDC: [
    -1      1.50	0.50	1.50	-1      1.00
    1.00	0.50	0.50	1.00	0.50	-1    
    -1      1.50	2.00	-1      0.50	1.50
	-1      -1      0.20	1.50	0.50	1.50
]

ProductionCapacity: [
	150000
	200000
]

MaxThroughput: [
    70000
    50000
    100000
    40000
]

Demand: [
    50000	38000	50500	41500	53500
    10000	10000	5700	11000	10200
    40000	34000	51200	38400	37600
    35000	28350	18550	39200	28350
    60000	79800	76200	55800	49800
    20000	15800	13400	22600	26200
]