nFactories: 2
nDists: 4
nCustomers: 6
nScenarios: 5

CostFD: [
    0.50	0.50	1.00	0.20
	-1      0.30	0.50	0.20
]

CostFC: [
    1.00	-1      1.50	2.00	-1      1.00
    2.00	-1      -1      -1    	-1      -1
]

CostDC: [
    -1      1.50	0.50	1.50	-1      1.00
    1.00	0.50	0.50	1.00	0.50	-1    
    -1      1.50	2.00	-1      0.50	1.50
	-1      -1      0.20	1.50	0.50	1.50
]

ProductionCapacity: [
	150000
	200000
]

MaxThroughput: [
    70000
    50000
    100000
    40000
]

Demand: [
    50000	55000	41500	45360	54000
    10000	11000	8300	9072	10800
    40000	44000	33200	36288	43200
    35000	38500	29050	31752	37800
    60000	66000	49800	54432	64800
    20000	22000	16600	18144	21600
]